%YAML:1.0
---
CalibrateDate: "Fri Mar 25 09:48:01 2022\n"
Intrinsic: !!opencv-matrix
   rows: 3
   cols: 3
   dt: d
   data: [ 5.9465421486075081e+02, 0., 3.1895083595995573e+02, 0.,
       5.9342383515288839e+02, 2.4116646860677182e+02, 0., 0., 1. ]
Distortion: !!opencv-matrix
   rows: 5
   cols: 1
   dt: d
   data: [ 8.7826089661227041e-02, 2.9436494552759052e-01,
       1.8166258570855541e-04, -1.7104725606169819e-03,
       -1.6206289952360395e+00 ]
ImageSize: [ 640, 480 ]
