%YAML:1.0
---
CalibrationTime: "Tue May 10 16:47:18 2022\n"
Rotation_Vec:
   - !!opencv-matrix
      rows: 3
      cols: 1
      dt: d
      data: [ -2.0438185057512328e+00, 2.2329757493470712e+00,
          -3.6934625288731239e-02 ]
   - !!opencv-matrix
      rows: 3
      cols: 1
      dt: d
      data: [ -2.2008735719206265e+00, 2.0645183117312929e+00,
          1.3042858193225201e-01 ]
   - !!opencv-matrix
      rows: 3
      cols: 1
      dt: d
      data: [ -2.3091295955616253e+00, 2.1468391473833539e+00,
          -8.4588287509643909e-02 ]
   - !!opencv-matrix
      rows: 3
      cols: 1
      dt: d
      data: [ -2.1065790930038824e+00, 2.2963621974858972e+00,
          1.0541661252863239e-01 ]
   - !!opencv-matrix
      rows: 3
      cols: 1
      dt: d
      data: [ -2.0677037219005983e+00, 2.2917457700720254e+00,
          5.3281757088402069e-02 ]
   - !!opencv-matrix
      rows: 3
      cols: 1
      dt: d
      data: [ -2.1222169831056501e+00, 2.3565451437037832e+00,
          7.5167112956771476e-02 ]
   - !!opencv-matrix
      rows: 3
      cols: 1
      dt: d
      data: [ -2.1201421619114615e+00, 2.3186451451368995e+00,
          -9.6128572638218876e-02 ]
   - !!opencv-matrix
      rows: 3
      cols: 1
      dt: d
      data: [ 2.1347104826041989e+00, -2.3008888720955181e+00,
          -3.0992037297908150e-02 ]
   - !!opencv-matrix
      rows: 3
      cols: 1
      dt: d
      data: [ -2.0549756600602311e+00, 2.2136538305700517e+00,
          1.3394179800414185e-01 ]
   - !!opencv-matrix
      rows: 3
      cols: 1
      dt: d
      data: [ -2.1040134064338178e+00, 2.1664283742813888e+00,
          1.3117049027962741e-01 ]
   - !!opencv-matrix
      rows: 3
      cols: 1
      dt: d
      data: [ -2.3108650386757006e+00, 2.1388548182087788e+00,
          5.7179257070498609e-03 ]
   - !!opencv-matrix
      rows: 3
      cols: 1
      dt: d
      data: [ 2.1265153412170497e+00, -2.2891321265594340e+00,
          -1.8950528677603766e-02 ]
   - !!opencv-matrix
      rows: 3
      cols: 1
      dt: d
      data: [ -2.2151819127094892e+00, 2.1002482240309246e+00,
          -2.5064529082951446e-02 ]
   - !!opencv-matrix
      rows: 3
      cols: 1
      dt: d
      data: [ 1.9917787430426854e+00, -2.3849894729732295e+00,
          1.5287694617838501e-01 ]
   - !!opencv-matrix
      rows: 3
      cols: 1
      dt: d
      data: [ -2.1434385212765612e+00, 2.3026699266185795e+00,
          7.2506824893583182e-03 ]
   - !!opencv-matrix
      rows: 3
      cols: 1
      dt: d
      data: [ -2.1480345517410928e+00, 2.2153988021506730e+00,
          5.1783245799516930e-02 ]
Translation_Vec:
   - !!opencv-matrix
      rows: 3
      cols: 1
      dt: d
      data: [ 3.2088634495190099e+01, -2.4114864366847421e+01,
          4.5897574571286361e+02 ]
   - !!opencv-matrix
      rows: 3
      cols: 1
      dt: d
      data: [ 1.6958081405867219e+02, -3.0951848990335662e+01,
          4.4465909329170933e+02 ]
   - !!opencv-matrix
      rows: 3
      cols: 1
      dt: d
      data: [ -2.0939282221390418e+01, -1.1600387170111979e+01,
          4.6969271764328124e+02 ]
   - !!opencv-matrix
      rows: 3
      cols: 1
      dt: d
      data: [ 6.2881992045861118e+01, -1.4111705167663139e+01,
          4.4802060069320066e+02 ]
   - !!opencv-matrix
      rows: 3
      cols: 1
      dt: d
      data: [ 7.8654277380394689e+01, 1.2355445609914582e+02,
          5.0813334888638639e+02 ]
   - !!opencv-matrix
      rows: 3
      cols: 1
      dt: d
      data: [ -1.9040626867030735e+01, -4.3600419040946782e+01,
          4.8042499411515269e+02 ]
   - !!opencv-matrix
      rows: 3
      cols: 1
      dt: d
      data: [ -4.5160066613048329e+01, 4.6671650261829278e+01,
          4.8584619966896082e+02 ]
   - !!opencv-matrix
      rows: 3
      cols: 1
      dt: d
      data: [ 6.9215958453716112e+01, 6.2030412621650271e+01,
          4.5987887026175974e+02 ]
   - !!opencv-matrix
      rows: 3
      cols: 1
      dt: d
      data: [ 1.6548606413170711e+02, 3.1331176795332187e+01,
          4.6226765141611895e+02 ]
   - !!opencv-matrix
      rows: 3
      cols: 1
      dt: d
      data: [ 1.3495580921447089e+02, 6.9907489954156290e+01,
          4.5249088173457960e+02 ]
   - !!opencv-matrix
      rows: 3
      cols: 1
      dt: d
      data: [ 6.2855253784030261e+01, 8.6571376087265808e+00,
          5.0206152052709530e+02 ]
   - !!opencv-matrix
      rows: 3
      cols: 1
      dt: d
      data: [ 7.6418689659650823e+01, 7.4719612647483502e-01,
          4.8967506952831178e+02 ]
   - !!opencv-matrix
      rows: 3
      cols: 1
      dt: d
      data: [ -2.0360234877435648e+01, -2.5792086585875992e+01,
          4.3173365281762193e+02 ]
   - !!opencv-matrix
      rows: 3
      cols: 1
      dt: d
      data: [ -2.7287136818757503e+01, 1.0940638779793859e+02,
          4.4264026000159834e+02 ]
   - !!opencv-matrix
      rows: 3
      cols: 1
      dt: d
      data: [ -3.6026207339533457e+01, -3.8502321003006202e+01,
          4.7556750349387812e+02 ]
   - !!opencv-matrix
      rows: 3
      cols: 1
      dt: d
      data: [ 1.6778186831522120e+02, 1.1139716433433686e+02,
          4.8632224197348199e+02 ]
