%YAML:1.0
---
CalibrationTime: "Tue May 10 16:47:18 2022\n"
Intrinsic: !!opencv-matrix
   rows: 3
   cols: 3
   dt: d
   data: [ 5.9465421977080757e+02, 0., 3.1895083647593350e+02, 0.,
       5.9342384004754933e+02, 2.4116646927225455e+02, 0., 0., 1. ]
Distortion: !!opencv-matrix
   rows: 1
   cols: 5
   dt: d
   data: [ 8.7826090834368570e-02, 2.9436496536755258e-01,
       1.8166280244650944e-04, -1.7104723188065712e-03,
       -1.6206291002291602e+00 ]
ImageSize: [ 640, 480 ]
