%YAML:1.0
---
num_of_poses: 16
rot_type: rotation vector
distance_unit: mm
angle_unit: radian
pose1: [ 7.2241999999999996e+02, 3.8200000000000003e+01,
    3.7231000000000000e+02, 1.8734140694141388e-01,
    3.0741212368011475e+00, -1.7650311812758446e-02 ]
pose2: [ 7.2928999999999996e+02, 1.8100000000000001e+01,
    3.5900999999999999e+02, 8.6443752050399780e-02,
    -3.1152579784393311e+00, 1.1153958737850189e-01 ]
pose3: [ 7.2227999999999997e+02, -2.9250000000000000e+01,
    3.7977999999999997e+02, -1.6432425379753113e-01,
    -3.0979669094085693e+00, 1.0845749080181122e-01 ]
pose4: [ 7.3332000000000005e+02, -7.6079999999999998e+01,
    3.3727999999999997e+02, -3.0202662944793701e-01,
    -3.0816094875335693e+00, 1.7857056856155396e-01 ]
pose5: [ 8.1971000000000004e+02, -1.5822999999999999e+02,
    3.9985000000000002e+02, 1.8650193512439728e-01,
    3.1355800628662109e+00, 4.7811500728130341e-02 ]
pose6: [ 9.1336000000000001e+02, -1.4743000000000001e+02,
    3.7735000000000002e+02, -7.3817931115627289e-02,
    -3.1394762992858887e+00, -4.7771215438842773e-02 ]
pose7: [ 8.8361000000000001e+02, -1.3268000000000001e+02,
    3.4373000000000002e+02, -7.0794880390167236e-02,
    -3.1307916641235352e+00, -1.8485896289348602e-01 ]
pose8: [ 9.1621000000000004e+02, -1.0356000000000000e+02,
    3.5814999999999998e+02, -1.4211702346801758e-01,
    -3.1310391426086426e+00, -1.8513122200965881e-01 ]
pose9: [ 9.1746000000000004e+02, -2.0850000000000001e+01,
    3.4820999999999998e+02, 7.3131226003170013e-02,
    -3.1229529380798340e+00, -1.8394358456134796e-01 ]
pose10: [ 8.0726999999999998e+02, -2.0850000000000001e+01,
    3.4822000000000003e+02, 1.5986718237400055e-01,
    3.0990037918090820e+00, 6.8114526569843292e-02 ]
pose11: [ 8.2367999999999995e+02, -8., 3.5601999999999998e+02,
    -1.6121299564838409e-01, -3.0443215370178223e+00,
    -5.6506283581256866e-02 ]
pose12: [ 7.4754999999999995e+02, -1.6299999999999999e+00,
    3.3363000000000000e+02, 5.4893374443054199e-02,
    -3.0687968730926514e+00, -4.6150323003530502e-02 ]
pose13: [ 7.2005999999999995e+02, 3.6579999999999998e+01,
    3.6905000000000001e+02, 1.3917033374309540e-01,
    3.1283020973205566e+00, -3.5947866737842560e-02 ]
pose14: [ 8.0126999999999998e+02, -1.5880000000000001e+01,
    3.9738000000000000e+02, -9.3823485076427460e-02,
    3.1282193660736084e+00, -3.4817006438970566e-02 ]
pose15: [ 8.2317999999999995e+02, -1.2680000000000000e+01,
    3.8481000000000000e+02, 1.4178256690502167e-01,
    3.1146209239959717e+00, -3.8170024752616882e-02 ]
pose16: [ 8.1067999999999995e+02, -7.6579999999999998e+01,
    3.5431999999999999e+02, 1.4193947613239288e-01,
    3.1150565147399902e+00, -2.4577718228101730e-02 ]
